1      5000    160000 164.024 51.384 22.335 13.378 166.878 163.497
1    160000    170000  7.094 330.688 11.198 68.601 1803223370935.164 71.992
1    170000   9999999 9970.424 2004.935 118.364 10557.050 10141.482 9685.236
1    160000    180000  1.804  0.022 57.264 124.190 10381267810248.896 125.261
1    180000   9999999 8443.768 1729.158 120.854 9218.121 8590.484 8182.022
1    160000    190000 159.223 44.573 21.290  0.044  0.000  0.000
1    190000   9999999 8325.968 1577.366 85.740 9497.331 8469.475 8088.447
1    160000    200000 194.383 1564.243 12.866 1725262.921 156179533439.865  0.000
1    200000   9999999 8294.471 1344.999 100.421 9053.364 8435.519 8057.954
1    160000    210000 240.125  0.111 12.014 242.589 1347.500 89.923
1    210000   9999999 8667.628 1363.309 81.792 9126.827 8803.852 8427.919
1    160000    220000 292.416 11987781631303.432 13.587 506.478 254.047  4.469
1    220000   9999999 8211.287 1141.071 69.000 8957.013 8349.021 7972.167
1    160000    230000 356.937  0.122 12.607  0.000 23140555000076.109 4185.813
1    230000   9999999 7850.109 1071.754 64.464 8672.568 7979.301 7589.346
1    160000    240000 401.823  0.128 16.050 509136045459.263 4210666805613.694 325.845
1    240000   9999999 7714.035 1051.984 53.688 8714.851 7845.491 7490.036
1    160000    250000 408.013  0.305 13.721  0.211 3982046062848.620 106.209
1    250000   9999999 7456.846 967.390 48.531 8327.661 7599.821 7243.445
1    160000    260000 442.296  0.125 13.647  3.791  0.000 124.606
1    260000   9999999 7869.955 847.761 41.941 8429.324 7996.231 7659.395
1    160000    270000 439.104  2.429 13.343 2746.287 178317883670.121 13725081391.081
1    270000   9999999 7642.048 796.241 37.529 8404.044 7769.119 7431.583
1    160000    280000 440.087  0.130 10.105 282423347462.563  0.000 154.243
1    280000   9999999 7541.434 770.367 33.652 8325.080 7680.645 7334.178
1    160000    290000 499.817  0.264  8.325 33.906 421.319  0.067
1    290000   9999999 7347.872 957.392 26.909 8096.362 7471.529 7143.119
1    160000    300000 554.884 11987781630568.980 10.399 1689.549 2917.588 504271355389.480
1    300000   9999999 6969.203 675.393 28.894 7697.437 7100.687 6775.541
1    160000    310000 591.999  0.139  9.234  5.296 548.578 512.385
1    310000   9999999 6915.013 637.734 26.249 7518.158 7025.924 6717.260
1    160000    320000 627.498 11987781630211.096  9.885 347.050 262882322.971 7258051910.264
1    320000   9999999 6952.533 614.769 22.081 7419.571 7069.545 6763.351
1    160000    330000 663.547  0.305  8.229 321305906835.817 104287144324.156 3905088652033.611
1    330000   9999999 6901.668 585.801 25.997 7350.504 7014.223 6721.373
1    160000    340000 701.278 11987781630309.094  8.536 325947356463.052 290.368 134379958313.097
1    340000   9999999 6688.033 562.606 26.187 7091.966 6806.344 6503.220
1    160000    350000 725.581  0.219 11.045 1551722509881.926 51748456844.564  0.000
1    350000   9999999 6647.027 624.925 33.129 6994.816 6746.731 6487.672
1    160000    360000 734.685  0.142  9.666 290.901 17317355829.050  0.006
1    360000   9999999 6536.854 824.862 34.227 6860.862 6636.008 6358.175
1    160000    370000 753.436 11987781630172.904  9.810 25013.308 1297164778.497 52979552481.985
1    370000   9999999 6367.684 571.249 38.354 6711.409 6474.160 6197.481
1    160000    380000 728.795 178.557  6.866 2429227382215.032 82712320209.338 44778481392.510
1    380000   9999999 6293.488 522.052 32.245 6645.795 6392.714 6121.981
1    160000    390000 780.270  0.144  7.838 1690569763102.668 14793.461 7272.627
1    390000   9999999 6179.290 617.439 35.617 6453.615 6264.511 6024.220
1    160000    400000 800.093  0.147  9.589  8.171 822.548 5646588698194.531
1    400000   9999999 6190.742 439.548 31.807 6491.824 6287.493 6026.962
1    160000    410000 718.703 189.521  9.345 1457760844747.269 552895184593.427 80849512492.792
1    410000   9999999 6082.423 440.548 29.739 6405.143 6176.976 5920.991
1    160000    420000 873.612  0.150  8.916 863.176 750.339 4418229137753.621
1    420000   9999999 5858.491 413.555 27.032 6120.371 5950.684 5702.916
1    160000    430000 885.780 11987781630103.809 10.387  0.000 2738.409 5284714700.543
1    430000   9999999 5817.663 481.998 29.070 6050.033 5924.033 5662.154
1    160000    440000 913.519 11987781630107.438 10.467 8521.012 6937065924177.986 5380.890
1    440000   9999999 5514.750 410.436 29.537 5864.942 5598.533 5383.877
1    160000    450000 937.717 11987781630136.545  9.905 52645304142.918 926445129202.241 789.696
1    450000   9999999 5417.078 640.762 25.512 5769.835 5501.993 5273.215
1    160000    460000 966.449  0.266 10.407 20080361604.030 856.815  0.056
1    460000   9999999 5314.121 367.245 23.644 5709.505 5412.343 5189.421
1    160000    470000 850.109 194.716  9.036  6.861 34401558.102 854.333
1    470000   9999999 5200.673 758.693 24.810 5597.317 5270.512 5047.307
1    160000    480000 867.578 113.506  8.686 1035.183 915.518 144.640
1    480000   9999999 4993.728 347.319 21.821 5422.424 5072.470 4859.224
1    160000    490000 955.797 186.676  9.361 1318338256388.818 10080084149.167  0.000
1    490000   9999999 4883.177 491.940 25.200 5291.689 4959.638 4755.291
1    160000    500000 1088.696 11987781630109.051 13.163 1084.977 535717770982.830 873.029
1    500000   9999999 4864.409 394.751 22.956 5241.674 4939.832 4737.483
1    160000    510000 1074.113 11987781630088.533 12.508  4.524  0.011 976.497
1    510000   9999999 27467.539 350.900 186536.722 27459.857 27828.956 26864.111
1    160000    520000 1095.107 2830969703044.145 11.545 978727956935.776 1000.411 926754826714.837
1    520000   9999999 26010.361 336.567 176135.469 26002.539 26352.864 25439.212
1    160000    530000 1135.531  0.164 12.195 452714151042.955 2432873959595.277 59902947.530
1    530000   9999999 24620.317 332.093 165957.013 24616.609 24943.242 24080.105
1    160000    540000 1168.071  0.161 12.302 1039586368.345 76060954157.436  0.117
1    540000   9999999 23370.955 324.310 156276.218 23372.443 23680.335 22856.544
1    160000    550000 1184.414 11987781630026.131 14.110 4570410639680.968 96363031559.044 946337.309
1    550000   9999999 22116.631 314.915 147343.944 22108.732 22407.631 21631.164
1    160000    560000 1202.283 11987781630036.316 14.445 3720225437047.630 4046.435 229879098986.296
1    560000   9999999 20889.429 304.046 138623.627 20895.979 21171.137 20437.368
1    160000    570000 1227.352 11987781630028.957 15.810 1226.746 1105442764375.770 1064.426
1    570000   9999999 19768.481 298.167 130456.545 19761.665 20031.504 19335.861
1    160000    580000 1231.520  0.150 13.883 1223.943 4628071990388.260 1193.462
1    580000   9999999 18698.182 289.985 122534.804 18693.519 18943.563 18286.855
1    160000    590000 1136.746 178.915 11.300 666706655025.040 1405967129407.204 2366262062143.948
1    590000   9999999 17664.348 281.808 114973.303 17661.062 17896.024 17273.388
1    160000    600000 1140.793 650.238 10.432 1270.312 4428267217017.401 1010357092859.393
1    600000   9999999 16659.057 273.653 107738.985 16657.120 16877.588 16289.298
2      5000    160000 95.762 27.373 26.068 96.767 45.886 88.790
2    160000    170000 232667437960.943 21172548847.193 60349590638589534208.000 53134974137.087  0.000 729.788
2    170000   9999999 7558.609 2503.592 160.220 8159.201 7667.772 7342.887
2    160000    180000  3.803  0.008 29.208 180.267  3.569 745917959466.014
2    180000   9999999 8086.620 1792.869 112.717 8486.634 8228.085 7846.995
2    160000    190000  0.028  0.067 27.464  0.000  0.000  9.120
2    190000   9999999 7954.204 1488.715 110.753 8132.783 8077.872 7731.932
2    160000    200000 25.580  1.063 30.835 53548713259.310  0.000 476.252
2    200000   9999999 8495.971 1080.647 78.912 8500.761 8643.897 8229.345
2    160000    210000 48.533  0.089 32.184 37.903  0.000 237.060
2    210000   9999999 8104.345 755.990 94.485 8102.730 8264.367 7838.991
2    160000    220000 67.657  0.142 26.900  0.006 45.486 100606538799.719
2    220000   9999999 7681.034 711.103 86.443 7677.414 7830.420 7428.830
2    160000    230000 119.582  0.103 20.859 9752387175.216 2593534769082.917 133510488423.572
2    230000   9999999 7505.069 448.566 40.461 7507.628 7658.485 7262.330
2    160000    240000 50.115 189.448 30.451 100057461055.969 18601443666555.293 146094856987.022
2    240000   9999999 7082.734 799.841 56.671 7084.655 7223.455 6850.431
2    160000    250000 84.882 180.217 27.110 189526776448.723 1697927500638.602 417150631079.466
2    250000   9999999 6785.084 7610.643 72.033 6793.777 6911.094 6569.867
2    160000    260000 196.521  0.117 21.146 317.668 11071164.391 219.430
2    260000   9999999 6653.772 1050.027 48.817 6672.835 6764.311 6459.056
2    160000    270000 223.854  0.111 18.825 317743073002.613 2497.957 1193719698.817
2    270000   9999999 6641.293 1459.804 41.061 6698.192 6736.545 6436.834
2    160000    280000 244.149  2.034 21.586 1045.930 7717136819.463 198014887041.148
2    280000   9999999 6653.800 2944.023 28.330 6721.695 6764.550 6473.910
2    160000    290000 255.568  0.114 22.211 264.977  0.006 16587338345.919
2    290000   9999999 6436.851 810.260 27.702 6543.410 6539.808 6262.996
2    160000    300000 301.703  0.122 21.610 6370751961958.882 606.831 1907969658649.872
2    300000   9999999 6282.669 733.261 29.877 6411.366 6409.573 6143.658
2    160000    310000 313.982  0.125 19.909 78032338463.629 279.454 818061812088.261
2    310000   9999999 6196.560 752.357 31.647 6288.314 6281.015 6019.157
2    160000    320000 357.209  0.130 16.917 5819062978660.096  0.022 317.762
2    320000   9999999 6126.311 1449.266 30.444 6235.640 6226.619 5956.419
2    160000    330000 393.674  2.365 16.821 16764418.809 1112.799 2621.670
2    330000   9999999 6090.844 668.127 26.659 6133.422 6183.049 5936.623
2    160000    340000 377.898  0.158 17.288 406.541 90.838 1807727245771.518
2    340000   9999999 5750.944 535.727 15.790 5877.032 5877.548 5590.839
2    160000    350000 441.064  0.147 16.385 14530167526.317 434.885 358.047
2    350000   9999999 5550.627 720.024 21.281 5555.917 5632.350 5379.425
2    160000    360000 461.003  0.122 14.799 123392974981.196 282243761462.875 150132917608.720
2    360000   9999999 5335.271 501.199 19.264 5458.706 5439.454 5193.268
2    160000    370000 463.085  0.161 13.374 14128947364.045 1847.716 1676762487578.099
2    370000   9999999 5227.185 483.344 15.626 5420.681 5332.834 5098.894
2    160000    380000 516.714  0.133 12.817 1495.359 238946907912.235 351673397674.041
2    380000   9999999 5129.008 487.410 16.249 5265.766 5215.334 4985.790
2    160000    390000 547.518  2.506 12.873 215673526766.608 117.650  0.000
2    390000   9999999 5141.088 440.481 18.161 5312.240 5229.750 5006.912
2    160000    400000 553.291  0.128 13.475 52524257761.294 8307953.059 2433.970
2    400000   9999999 5080.053 413.899 19.929 5222.323 5162.626 4947.048
2    160000    410000 533.112  0.244 15.642  0.000 11920508535.962 388657025.541
2    410000   9999999 4927.164 405.959 23.255 5086.165 5006.923 4809.247
2    160000    420000 580.164  0.139 15.471 3431670023.751 734241803.402 493.205
2    420000   9999999 4904.960 381.761 24.636 5061.929 4993.872 4780.859
2    160000    430000 586.342  0.136 17.027 116427574536.326 261340.544 2448772313583.902
2    430000   9999999 4735.973 376.774 24.920 4932.132 4814.577 4602.602
2    160000    440000 593.675  0.133 17.849 601.114 1584.238 20620996873.705
2    440000   9999999 4639.689 363.476 27.645 4775.680 4716.566 4509.088
2    160000    450000 645.606  0.130 16.373  0.000  0.000 2552035060889.651
2    450000   9999999 4443.901 1079.214 29.771 4640.277 4516.110 4338.174
2    160000    460000 656.519  0.150 15.118 1578831588392.799 123524413716.775 6057331072.806
2    460000   9999999 4359.690 11987781629251.252 31.580 4578.227 4432.366 4242.340
2    160000    470000 642.403  0.236 14.164  0.255 662.792 614.797
2    470000   9999999 4259.981 11987781629273.336 34.010 4487.577 4327.272 4144.518
2    160000    480000 622.474 282.810 16.069 310470190677.176  6.090 36784511586.418
2    480000   9999999 4169.243 11987781629292.596 33.188 4406.003 4236.472 4055.539
2    160000    490000 701.555  0.144 13.290 6990812230502.724 717.248 1858795900559.335
2    490000   9999999 4094.530 430.916 35.155 4367.084 4170.686 3988.865
2    160000    500000 713.951  0.139 14.664 223367691893.556 109365745.821 109083388676.273
2    500000   9999999 4046.330 11987781629589.906 29.256 4313.366 4111.433 3927.569
2    160000    510000 722.877  0.142 15.572 278181447660.913 731.210 53.874
2    510000   9999999 24507.457 332.007 169424.502 24509.261 24832.258 23970.154
2    160000    520000 723.382  0.139 15.141  0.017  0.000 16367553760.599
2    520000   9999999 23232.205 330.638 160118.779 23224.278 23538.155 22721.847
2    160000    530000 771.205  0.133 14.772 2312.817 84.099  0.000
2    530000   9999999 22031.921 314.634 151029.521 22025.493 22323.265 21549.329
2    160000    540000 786.615  0.144 14.664 2551.487  0.000 713.468
2    540000   9999999 20908.525 306.580 142506.388 20900.931 21183.960 20449.303
2    160000    550000 794.542 169.692 13.862 2569.933 137249446245.219  0.000
2    550000   9999999 19841.201 298.214 134330.908 19833.613 20102.492 19403.784
2    160000    560000 68.345 94.266 241.797  0.538  0.000 900421608031.999
2    560000   9999999 18717.933 289.482 126756.677 18717.916 18964.597 18307.122
2    160000    570000 845.274  0.133 14.845 781559283960.104  0.006 931.005
2    570000   9999999 17724.500 281.822 119440.515 17716.395 17957.869 17334.412
2    160000    580000 830.636  2.665 14.789 172954624051.141  0.000  0.000
2    580000   9999999 16768.620 274.683 112491.650 16762.719 16989.810 16394.447
2    160000    590000 847.256  0.144 13.550 5596560720586.979 55323738481.100 617662168.523
2    590000   9999999 15888.368 267.850 105853.947 15880.053 16088.630 15539.225
2    160000    600000 872.485  0.147 13.356 873.340 2019.163 5439555230060.656
2    600000   9999999 15011.420 259.320 99499.508 15011.115 15209.062 14681.845
3      5000    160000 66.841 25.507 38.147  0.266 45.636  0.067
3    160000    170000 13.456 39.083 22.630 16.803 1778145446154.600 16.726
3    170000   9999999 2565.637 308.067 25.723 2826.367 2606.648  0.000
3    160000    180000 51.648 41.686 23.419  0.006  0.000 51.320
3    180000   9999999 2424.444 236.261 26.275 2714593112254.327 2461.464 2386.974
3    160000    190000 70.216 57.304 20.250  8.205 66.425 67.818
3    190000   9999999 2357.353 242.031 39.928 2582.939 2401.168 2297.201
3    160000    200000 78.770 46.044 16.996 62.411 5058108366330.417 73.791
3    200000   9999999 2367.601 210.840 38.714 2561.112 2404.094 2306.982
3    160000    210000 98.543 66.175 15.363  8.454 103.051 97.844
3    210000   9999999 2272.033 202.627 42.867 2491.307 2182.060 2203.293
3    160000    220000 128.614 65.176 14.666  0.244 127.376 66.597
3    220000   9999999 2244.060 189.637 41.818 2450.651 2277.950 2185.113
3    160000    230000 157.935 71.071 15.884 160.383 164.252 141.531
3    230000   9999999 2202.455 183.115 37.624 2383.366 2229.789 2175.848
3    160000    240000 191.142 79.414 13.549 2454442147423.952 193.345 184.552
3    240000   9999999 2181.066 177.167 41.700 2326.361 2217.632 2146.827
3    160000    250000 221.934 37.942 14.074 220.790 188.377 213.513
3    250000   9999999 2127.648 184.128 36.077 2271.261 2148.198 2060.196
3    160000    260000 245.864 39.393 14.870 245.182 246.236  0.339
3    260000   9999999 2079.781 167.821 34.092 2233.735 2109.574 2033.085
3    160000    270000 248.174 84.222 16.176 249.845 253.270 86.087
3    270000   9999999 1993.505 194.789 37.509 2169.936 2018.335 1940.426
3    160000    280000 266.148 80.694 17.117  0.000 268.929 255.668
3    280000   9999999 1966.372 148.398 36.122 2143.252 1993.250 1921.446
3    160000    290000 275.646 44.018 16.296 41.755 278.172 267.714
3    290000   9999999 1950.579 151.903 36.357 2112.549 1984.896 1920.458
3    160000    300000 280.137 67.532 16.105 279.865 278.877 273.109
3    300000   9999999 1915.129 182.401 37.107 2086.720 1939.265 1863.748
3    160000    310000 290.934 85.426 19.610  0.000 301.115 152.706
3    310000   9999999 1891.642 137.262 35.499 2072.792 1919.187 1846.084
3    160000    320000 304.529 58.781 18.833 295.997 61.939  0.228
3    320000   9999999 1864.897 134.004 35.319 2042.572 1894.157 1820.682
3    160000    330000 322.697 57.909 19.711 321.221 91.682 313.860
3    330000   9999999 1797.940 133.588 35.580 1989.636 1830.780 1757.777
3    160000    340000 330.075 59.644 19.511 49.022 339.417 320.821
3    340000   9999999 1789.263 140.657 30.053 1972.922 1808.759 1741.141
3    160000    350000 342.709 81.177 20.593 350.253 76.356 169.481
3    350000   9999999 1748.274 123.973 31.847 1941.952 1769.407 1705.797
3    160000    360000 355.482 33.437 20.586 356.498 597.611  0.000
3    360000   9999999 1721.756 11987781630095.117 28.787 1911.815 1742.756 1678.963
3    160000    370000 364.142 88.038 18.421 364.703 159.200 226.202
3    370000   9999999 1718.786 120.751 30.598 1903.544 1739.719 1678.585
3    160000    380000 386.946 56.177 20.361 390.393 298.733 371.903
3    380000   9999999 1674.838 121.242 35.128 1848.671 1696.981 1636.224
3    160000    390000 409.739 55.397 21.699 26.096 416.955 11.546
3    390000   9999999 1629.347 124.303 37.770 1795.908 1652.423 1591.594
3    160000    400000 413.669 62.622 20.791 411.760 260.630 157.768
3    400000   9999999 1591.982 113.626 35.707 1760.009 1612.849 1558.148
3    160000    410000 418.204 83.822 19.977 419.276 432.493 409.578
3    410000   9999999 1570.855 117.625 32.867 1737.882 1593.220 1539.058
3    160000    420000 434.158 112.441 19.401 436.023 439.815 35.172
3    420000   9999999 1556.949 108.918 33.118 1727.701 1576.267 1520.883
3    160000    430000 455.885 98.022 20.018 460.137 83.078 57.110
3    430000   9999999 1546.435 112.813 30.961 1708.794 1565.703 732.781
3    160000    440000 476.091 69.000 21.920 1435166799102.616 483.652 461.575
3    440000   9999999 1514.511 115.311 31.103 1674.461 1515.132 1461.131
3    160000    450000 484.002 85.407 20.918 486.200 497.469 469.463
3    450000   9999999 1473.133 107.794 30.205 1654.038 1491.479 1441.303
3    160000    460000 486.094 106.784 20.497 54.612 495.559  0.000
3    460000   9999999 1455.752 105.455 29.047 51830491988.497 1473.083 1422.862
3    160000    470000 514.516 83.458 22.514 516.470 522.365 306.316
3    470000   9999999 1417.561 103.684 28.895 1591.904 1435.579 1387.740
3    160000    480000 530.281 66.408 21.571 527.872 29.310 508.665
3    480000   9999999 1398.198 114.153 27.685 1576.067 1415.623 1373.518
3    160000    490000 541.972 91.890 21.963 540.112 547.645 73.264
3    490000   9999999 1382.305 99.487 31.157 1562.894 1400.396 1352.080
3    160000    500000 547.806 11987781630156.855 21.789 12.923 564.626 537.437
3    500000   9999999 1363.237 99.099 26.807 1541.073 1383.116 1329.897
3    160000    510000 556.083 113.506 21.610 557.687 47.135 540.762
3    510000   9999999 2200.895 99.423 5811.274 2200.268 2225.364 2156.636
3    160000    520000 567.596 106.229 20.995 572.958 577.460 552.824
3    520000   9999999 2132.317 86.189 5484.854 2125.516 2155.526 2083.722
3    160000    530000 567.113 98.685 20.128 580.935 578.337 569.711
3    530000   9999999 2061.579 96.459 5136.439 2070.971 2092.226 2019.096
3    160000    540000 586.164 115.133 21.035 1028275406364.470  4.696 572.292
3    540000   9999999 2003.225 95.196 4828.059 2007.355 2013.445 1956.230
3    160000    550000 598.560 112.635 20.737 470.801 600.686 31.508
3    550000   9999999 1938.771 93.892 4542.826 1957.079 1956.724 1889.033
3    160000    560000 613.748 89.834 20.633 615.252 624.684 598.038
3    560000   9999999 1882.455 92.701 4302.898 1900.025 1885.497 1840.528
3    160000    570000 618.805 72.503 20.484  0.006  0.872  4.285
3    570000   9999999 1829.714 91.671 4039.577 1851.674 1844.791 1783.362
3    160000    580000 628.725 116.729 19.878 635.619 641.809 609.857
3    580000   9999999 1783.923 90.500 3814.608 1805.206 1800.360 1742.145
3    160000    590000 651.590 89.673 20.775 63.161 653.461 629.402
3    590000   9999999 1697.731 88.513 3577.443 1758.832 1754.447 1688.272
3    160000    600000 651.046 86.930 20.263 646.150 664.935  0.000
3    600000   9999999 1657.735 87.710 3364.299 1713.873 1690.326 1639.666
