1      5000    160000 162.947 50.707 168.060 171.729 161.293
1    160000    250000 385.897 58.981 423.045 445.649 389.411
1    250000   9999999 1509.470 119.632 1736.689 1805.589 1471.484
1    160000    260000 3405.470 2320.338 3603.406 3447.981 3303.624
1    260000   9999999 1500.977 115.488 1724.537 1514.777 1466.166
1    160000    270000 414.291 60.554 435.546 469.919 377.048
1    270000   9999999 1489.397 108.652 1706.485 1490.186 1443.989
1    160000    280000 435.357 61.795 465.383 477.834 446.138
1    280000   9999999 1450.712 106.154 1673.806 1453.426 1404.493
1    160000    290000 447.559 63.058 513.001 519.601 464.589
1    290000   9999999 1425.982 108.646 1639.328 1427.514 1380.740
1    160000    300000 471.168 64.956 555.039 558.897 533.684
1    300000   9999999 1385.947 106.834 1599.471 1387.546 1344.391
1    160000    310000 496.259 76.453 594.169 601.996 494.077
1    310000   9999999 1359.796 105.463 1569.150 1361.511 1319.073
1    160000    320000 532.985 192.621 618.999 626.382 526.706
1    320000   9999999 1339.401 103.390 1538.508 1339.961 1299.605
1    160000    330000 582.845 188.527 655.209 672.429 632.161
1    330000   9999999 1290.767 100.928 1486.838 1291.794 1250.455
1    160000    340000 609.135 193.498 689.743 628.259 649.902
1    340000   9999999 1266.004 99.962 1462.236 1271.211 1233.497
1    160000    350000 614.025 181.977 706.823 731.720 602.435
1    350000   9999999 1256.784 99.007 1437.916 1272.493 1221.878
2      5000    160000 84.471 25.277 96.595 98.899 94.197
2    160000    250000 170.836 148.465 189.099 185.912 182.476
2    250000   9999999 1266.343 105.743 1352.468 1368.761 1250.455
2    160000    260000 1651.712 3173.931 1759.154 51.131 232621.039
2    260000   9999999 1247.974 102.274 1327.949 1377.809 1221.934
2    160000    270000 207.212 150.624 230.282 241.729 217.132
2    270000   9999999 1195.843 103.387 1291.756 1336.403 1183.631
2    160000    280000 222.117 147.868 243.250 244.782 195.899
2    280000   9999999 1168.704 101.619 1274.603 1340.533 1153.433
2    160000    290000 241.240 148.526 260.764 275.546 204.831
2    290000   9999999 1152.195 100.503 1254.080 1146.816  0.000
2    160000    300000 273.448 147.005 286.199 240.380 286.204
2    300000   9999999 1156.203 98.527 1229.955 1178.863 1111.294
2    160000    310000 305.006 141.473 313.005 311.895 287.825
2    310000   9999999 1141.903 92.121 1207.334 1268.929 1083.977
2    160000    320000 346.251 136.827 348.666 358.547 309.663
2    320000   9999999 1060.629 94.044 1174.078 1084.172 1053.396
2    160000    330000 387.157 128.644 387.429 389.294 345.468
2    330000   9999999 1077.011 88.113 1148.753 1071.115 1035.705
2    160000    340000 401.862 125.430 411.693 155.626 392.875
2    340000   9999999 1045.136 93.603 1122.702 1047.717 1010.925
2    160000    350000 424.932 121.508 437.539 406.825 376.010
2    350000   9999999 1004.208 91.296 1086.475 1136.069 974.187
3      5000    160000 63.460 28.405 63.616 45.641  0.094
3    160000    250000 210.792 76.997 220.790 224.232 201.261
3    250000   9999999 1071.221 94.186 1154.549 1061.390 1022.310
3    160000    260000 482.631 230.752 582.423 520.783 477.962
3    260000   9999999 1062.467 82.151 1132.489 1043.216 1009.098
3    160000    270000 239.331 85.656 249.845 253.270 240.902
3    270000   9999999 1046.968 82.886 1125.927 1037.725 1002.226
3    160000    280000 254.613 83.880 264.128 268.929 257.344
3    280000   9999999 1021.266 73.325 1111.788 1011.446 985.634
3    160000    290000 261.369 82.312 273.936 272.998 258.549
3    290000   9999999 1006.467 75.226 1098.388 1012.507 985.489
3    160000    300000 275.496 86.875 279.843 278.877 273.426
3    300000   9999999 996.819 75.134 1091.305 1002.776 978.234
3    160000    310000 280.254 90.827 290.695 291.728 283.668
3    310000   9999999 982.608 75.434 1080.491 986.294 955.064
3    160000    320000 292.533 93.400 303.613 308.314 296.468
3    320000   9999999 966.555 75.787 1067.541 973.321 942.063
3    160000    330000 311.173 96.026 321.221 329.120 309.480
3    330000   9999999 935.524 79.012 1048.389 944.506 916.517
3    160000    340000 324.241 97.494 330.325 339.417 317.402
3    340000   9999999  0.677  0.233 1039.879 938.916 907.890
3    160000    350000 342.082 98.785 350.253 355.871 339.112
3    350000   9999999  0.677  0.239 1023.848 939.337 894.901
